codeCurvature/synthData/synth.asc
ncols        401
nrows        401
xllcorner    608000.0
yllcorner    7284000.0
cellsize     0.05
NODATA_value  -9999.000
[rows 288 to 319 of 401, columns 142 to 212 of 401]
99.861 99.862 99.864 99.865 99.867 99.868 99.869 99.871 99.872 99.873 99.874 99.876 99.877 99.878 99.879 99.880 99.881 99.882 99.883 99.884 99.885 99.886 99.887 99.888 99.889 99.890 99.890 99.891 99.892 99.893 99.893 99.894 99.895 99.895 99.896 99.897 99.897 99.898 99.898 99.899 99.899 99.900 99.900 99.900 99.901 99.901 99.901 99.902 99.902 99.902 99.902 99.903 99.903 99.903 99.903 99.903 99.903 99.903 99.903 99.903 99.903 99.903 99.903 99.903 99.903 99.903 99.902 99.902 99.902 99.902 99.901
99.859 99.860 99.862 99.863 99.864 99.866 99.867 99.868 99.870 99.871 99.872 99.873 99.874 99.876 99.877 99.878 99.879 99.880 99.881 99.882 99.883 99.884 99.885 99.886 99.886 99.887 99.888 99.889 99.890 99.890 99.891 99.892 99.892 99.893 99.894 99.894 99.895 99.895 99.896 99.896 99.897 99.897 99.898 99.898 99.898 99.899 99.899 99.899 99.900 99.900 99.900 99.900 99.900 99.901 99.901 99.901 99.901 99.901 99.901 99.901 99.901 99.901 99.901 99.901 99.900 99.900 99.900 99.900 99.900 99.899 99.899
99.857 99.858 99.859 99.861 99.862 99.864 99.865 99.866 99.867 99.869 99.870 99.871 99.872 99.873 99.874 99.876 99.877 99.878 99.879 99.880 99.881 99.882 99.882 99.883 99.884 99.885 99.886 99.887 99.887 99.888 99.889 99.890 99.890 99.891 99.891 99.892 99.893 99.893 99.894 99.894 99.895 99.895 99.895 99.896 99.896 99.897 99.897 99.897 99.897 99.898 99.898 99.898 99.898 99.898 99.898 99.899 99.899 99.899 99.899 99.899 99.899 99.899 99.898 99.898 99.898 99.898 99.898 99.898 99.897 99.897 99.897
99.854 99.856 99.857 99.859 99.860 99.861 99.863 99.864 99.865 99.866 99.868 99.869 99.870 99.871 99.872 99.873 99.874 99.875 99.876 99.877 99.878 99.879 99.880 99.881 99.882 99.883 99.884 99.884 99.885 99.886 99.887 99.887 99.888 99.889 99.889 99.890 99.890 99.891 99.891 99.892 99.892 99.893 99.893 99.894 99.894 99.894 99.895 99.895 99.895 99.895 99.896 99.896 99.896 99.896 99.896 99.896 99.896 99.896 99.896 99.896 99.896 99.896 99.896 99.896 99.896 99.896 99.896 99.895 99.895 99.895 99.895
99.852 99.853 99.855 99.856 99.858 99.859 99.860 99.862 99.863 99.864 99.865 99.866 99.868 99.869 99.870 99.871 99.872 99.873 99.874 99.875 99.876 99.877 99.878 99.879 99.880 99.881 99.881 99.882 99.883 99.884 99.884 99.885 99.886 99.886 99.887 99.888 99.888 99.889 99.889 99.890 99.890 99.891 99.891 99.891 99.892 99.892 99.892 99.893 99.893 99.893 99.893 99.894 99.894 99.894 99.894 99.894 99.894 99.894 99.894 99.894 99.894 99.894 99.894 99.894 99.894 99.894 99.893 99.893 99.893 99.893 99.892
99.850 99.851 99.853 99.854 99.855 99.857 99.858 99.859 99.861 99.862 99.863 99.864 99.865 99.866 99.868 99.869 99.870 99.871 99.872 99.873 99.874 99.875 99.876 99.876 99.877 99.878 99.879 99.880 99.881 99.881 99.882 99.883 99.883 99.884 99.885 99.885 99.886 99.886 99.887 99.887 99.888 99.888 99.889 99.889 99.889 99.890 99.890 99.890 99.891 99.891 99.891 99.891 99.891 99.892 99.892 99.892 99.892 99.892 99.892 99.892 99.892 99.892 99.892 99.892 99.891 99.891 99.891 99.891 99.891 99.890 99.890
99.847 99.849 99.850 99.852 99.853 99.854 99.856 99.857 99.858 99.859 99.861 99.862 99.863 99.864 99.865 99.866 99.867 99.868 99.869 99.870 99.871 99.872 99.873 99.874 99.875 99.876 99.877 99.877 99.878 99.879 99.880 99.880 99.881 99.882 99.882 99.883 99.883 99.884 99.884 99.885 99.885 99.886 99.886 99.887 99.887 99.887 99.888 99.888 99.888 99.888 99.889 99.889 99.889 99.889 99.889 99.889 99.889 99.889 99.889 99.889 99.889 99.889 99.889 99.889 99.889 99.889 99.889 99.888 99.888 99.888 99.888
99.845 99.846 99.848 99.849 99.851 99.852 99.853 99.855 99.856 99.857 99.858 99.859 99.861 99.862 99.863 99.864 99.865 99.866 99.867 99.868 99.869 99.870 99.871 99.872 99.873 99.873 99.874 99.875 99.876 99.877 99.877 99.878 99.879 99.879 99.880 99.881 99.881 99.882 99.882 99.883 99.883 99.884 99.884 99.884 99.885 99.885 99.885 99.886 99.886 99.886 99.886 99.887 99.887 99.887 99.887 99.887 99.887 99.887 99.887 99.887 99.887 99.887 99.887 99.887 99.887 99.887 99.886 99.886 99.886 99.886 99.885
99.843 99.844 99.845 99.847 99.848 99.850 99.851 99.852 99.853 99.855 99.856 99.857 99.858 99.859 99.861 99.862 99.863 99.864 99.865 99.866 99.867 99.868 99.869 99.869 99.870 99.871 99.872 99.873 99.873 99.874 99.875 99.876 99.876 99.877 99.878 99.878 99.879 99.879 99.880 99.880 99.881 99.881 99.882 99.882 99.882 99.883 99.883 99.883 99.883 99.884 99.884 99.884 99.884 99.884 99.885 99.885 99.885 99.885 99.885 99.885 99.885 99.885 99.885 99.884 99.884 99.884 99.884 99.884 99.883 99.883 99.883
99.840 99.842 99.843 99.844 99.846 99.847 99.848 99.850 99.851 99.852 99.853 99.855 99.856 99.857 99.858 99.859 99.860 99.861 99.862 99.863 99.864 99.865 99.866 99.867 99.868 99.869 99.870 99.870 99.871 99.872 99.873 99.873 99.874 99.874 99.875 99.876 99.876 99.877 99.877 99.878 99.878 99.879 99.879 99.880 99.880 99.880 99.881 99.881 99.881 99.881 99.882 99.882 99.882 99.882 99.882 99.882 99.882 99.882 99.882 99.882 99.882 99.882 99.882 99.882 99.882 99.882 99.882 99.881 99.881 99.881 99.881
99.838 99.839 99.841 99.842 99.843 99.845 99.846 99.847 99.849 99.850 99.851 99.852 99.853 99.855 99.856 99.857 99.858 99.859 99.860 99.861 99.862 99.863 99.864 99.865 99.865 99.866 99.867 99.868 99.869 99.869 99.870 99.871 99.871 99.872 99.873 99.873 99.874 99.874 99.875 99.875 99.876 99.876 99.877 99.877 99.877 99.878 99.878 99.878 99.879 99.879 99.879 99.879 99.879 99.880 99.880 99.880 99.880 99.880 99.880 99.880 99.880 99.880 99.880 99.880 99.879 99.879 99.879 99.879 99.879 99.878 99.878
99.835 99.837 99.838 99.840 99.841 99.842 99.844 99.845 99.846 99.847 99.849 99.850 99.851 99.852 99.853 99.854 99.855 99.856 99.857 99.858 99.859 99.860 99.861 99.862 99.863 99.864 99.865 99.865 99.866 99.867 99.868 99.868 99.869 99.870 99.870 99.871 99.871 99.872 99.872 99.873 99.873 99.874 99.874 99.875 99.875 99.875 99.876 99.876 99.876 99.876 99.877 99.877 99.877 99.877 99.877 99.877 99.877 99.877 99.877 99.877 99.877 99.877 99.877 99.877 99.877 99.877 99.877 99.876 99.876 99.876 99.876
99.833 99.834 99.836 99.837 99.838 99.840 99.841 99.842 99.844 99.845 99.846 99.847 99.848 99.850 99.851 99.852 99.853 99.854 99.855 99.856 99.857 99.858 99.859 99.860 99.860 99.861 99.862 99.863 99.864 99.864 99.865 99.866 99.866 99.867 99.868 99.868 99.869 99.869 99.870 99.870 99.871 99.871 99.872 99.872 99.872 99.873 99.873 99.873 99.874 99.874 99.874 99.874 99.874 99.875 99.875 99.875 99.875 99.875 99.875 99.875 99.875 99.875 99.875 99.875 99.874 99.874 99.874 99.874 99.874 99.873 99.873
99.830 99.832 99.833 99.835 99.836 99.837 99.839 99.840 99.841 99.842 99.844 99.845 99.846 99.847 99.848 99.849 99.850 99.851 99.852 99.853 99.854 99.855 99.856 99.857 99.858 99.859 99.860 99.860 99.861 99.862 99.863 99.863 99.864 99.865 99.865 99.866 99.866 99.867 99.867 99.868 99.868 99.869 99.869 99.870 99.870 99.870 99.871 99.871 99.871 99.871 99.872 99.872 99.872 99.872 99.872 99.872 99.872 99.872 99.872 99.872 99.872 99.872 99.872 99.872 99.872 99.872 99.872 99.871 99.871 99.871 99.871
99.828 99.829 99.831 99.832 99.833 99.835 99.836 99.837 99.839 99.840 99.841 99.842 99.843 99.845 99.846 99.847 99.848 99.849 99.850 99.851 99.852 99.853 99.854 99.855 99.855 99.856 99.857 99.858 99.859 99.859 99.860 99.861 99.861 99.862 99.863 99.863 99.864 99.864 99.865 99.865 99.866 99.866 99.867 99.867 99.867 99.868 99.868 99.868 99.869 99.869 99.869 99.869 99.869 99.870 99.870 99.870 99.870 99.870 99.870 99.870 99.870 99.870 99.870 99.870 99.869 99.869 99.869 99.869 99.869 99.868 99.868
99.825 99.827 99.828 99.829 99.831 99.832 99.833 99.835 99.836 99.837 99.838 99.840 99.841 99.842 99.843 99.844 99.845 99.846 99.847 99.848 99.849 99.850 99.851 99.852 99.853 99.854 99.854 99.855 99.856 99.857 99.857 99.858 99.859 99.859 99.860 99.861 99.861 99.862 99.862 99.863 99.863 99.864 99.864 99.864 99.865 99.865 99.865 99.866 99.866 99.866 99.866 99.867 99.867 99.867 99.867 99.867 99.867 99.867 99.867 99.867 99.867 99.867 99.867 99.867 99.867 99.867 99.866 99.866 99.866 99.866 99.865
99.823 99.824 99.825 99.827 99.828 99.830 99.831 99.832 99.833 99.835 99.836 99.837 99.838 99.839 99.840 99.842 99.843 99.844 99.845 99.846 99.847 99.848 99.848 99.849 99.850 99.851 99.852 99.853 99.853 99.854 99.855 99.856 99.856 99.857 99.857 99.858 99.859 99.859 99.860 99.860 99.861 99.861 99.862 99.862 99.862 99.863 99.863 99.863 99.863 99.864 99.864 99.864 99.864 99.864 99.865 99.865 99.865 99.865 99.865 99.865 99.865 99.865 99.865 99.864 99.864 99.864 99.864 99.864 99.863 99.863 99.863
99.820 99.821 99.823 99.824 99.826 99.827 99.828 99.830 99.831 99.832 99.833 99.834 99.836 99.837 99.838 99.839 99.840 99.841 99.842 99.843 99.844 99.845 99.846 99.847 99.848 99.848 99.849 99.850 99.851 99.852 99.852 99.853 99.854 99.854 99.855 99.855 99.856 99.857 99.857 99.858 99.858 99.858 99.859 99.859 99.860 99.860 99.860 99.861 99.861 99.861 99.861 99.861 99.862 99.862 99.862 99.862 99.862 99.862 99.862 99.862 99.862 99.862 99.862 99.862 99.862 99.861 99.861 99.861 99.861 99.861 99.860
99.817 99.819 99.820 99.822 99.823 99.824 99.826 99.827 99.828 99.829 99.831 99.832 99.833 99.834 99.835 99.836 99.837 99.838 99.839 99.840 99.841 99.842 99.843 99.844 99.845 99.846 99.847 99.847 99.848 99.849 99.850 99.850 99.851 99.852 99.852 99.853 99.853 99.854 99.854 99.855 99.855 99.856 99.856 99.857 99.857 99.857 99.858 99.858 99.858 99.858 99.859 99.859 99.859 99.859 99.859 99.859 99.859 99.859 99.859 99.859 99.859 99.859 99.859 99.859 99.859 99.859 99.859 99.858 99.858 99.858 99.858
99.815 99.816 99.818 99.819 99.820 99.822 99.823 99.824 99.825 99.827 99.828 99.829 99.830 99.831 99.833 99.834 99.835 99.836 99.837 99.838 99.839 99.840 99.841 99.841 99.842 99.843 99.844 99.845 99.846 99.846 99.847 99.848 99.848 99.849 99.850 99.850 99.851 99.851 99.852 99.852 99.853 99.853 99.854 99.854 99.854 99.855 99.855 99.855 99.856 99.856 99.856 99.856 99.856 99.856 99.857 99.857 99.857 99.857 99.857 99.857 99.857 99.857 99.857 99.856 99.856 99.856 99.856 99.856 99.856 99.855 99.855
99.812 99.813 99.815 99.816 99.818 99.819 99.820 99.822 99.823 99.824 99.825 99.826 99.828 99.829 99.830 99.831 99.832 99.833 99.834 99.835 99.836 99.837 99.838 99.839 99.840 99.840 99.841 99.842 99.843 99.844 99.844 99.845 99.846 99.846 99.847 99.847 99.848 99.849 99.849 99.850 99.850 99.850 99.851 99.851 99.852 99.852 99.852 99.853 99.853 99.853 99.853 99.853 99.854 99.854 99.854 99.854 99.854 99.854 99.854 99.854 99.854 99.854 99.854 99.854 99.854 99.853 99.853 99.853 99.853 99.853 99.852
99.809 99.811 99.812 99.814 99.815 99.816 99.818 99.819 99.820 99.821 99.823 99.824 99.825 99.826 99.827 99.828 99.829 99.830 99.831 99.832 99.833 99.834 99.835 99.836 99.837 99.838 99.839 99.839 99.840 99.841 99.842 99.842 99.843 99.844 99.844 99.845 99.845 99.846 99.846 99.847 99.847 99.848 99.848 99.849 99.849 99.849 99.850 99.850 99.850 99.850 99.851 99.851 99.851 99.851 99.851 99.851 99.851 99.851 99.851 99.851 99.851 99.851 99.851 99.851 99.851 99.851 99.851 99.850 99.850 99.850 99.850
99.807 99.808 99.809 99.811 99.812 99.813 99.815 99.816 99.817 99.819 99.820 99.821 99.822 99.823 99.824 99.825 99.827 99.828 99.829 99.830 99.831 99.831 99.832 99.833 99.834 99.835 99.836 99.837 99.837 99.838 99.839 99.840 99.840 99.841 99.841 99.842 99.843 99.843 99.844 99.844 99.845 99.845 99.845 99.846 99.846 99.847 99.847 99.847 99.847 99.848 99.848 99.848 99.848 99.848 99.848 99.849 99.849 99.849 99.849 99.849 99.849 99.849 99.848 99.848 99.848 99.848 99.848 99.848 99.847 99.847 99.847
99.804 99.805 99.807 99.808 99.809 99.811 99.812 99.813 99.815 99.816 99.817 99.818 99.819 99.821 99.822 99.823 99.824 99.825 99.826 99.827 99.828 99.829 99.830 99.831 99.831 99.832 99.833 99.834 99.835 99.835 99.836 99.837 99.837 99.838 99.839 99.839 99.840 99.840 99.841 99.841 99.842 99.842 99.843 99.843 99.843 99.844 99.844 99.844 99.845 99.845 99.845 99.845 99.845 99.846 99.846 99.846 99.846 99.846 99.846 99.846 99.846 99.846 99.846 99.846 99.845 99.845 99.845 99.845 99.845 99.844 99.844
99.801 99.802 99.804 99.805 99.807 99.808 99.809 99.811 99.812 99.813 99.814 99.815 99.817 99.818 99.819 99.820 99.821 99.822 99.823 99.824 99.825 99.826 99.827 99.828 99.829 99.829 99.830 99.831 99.832 99.833 99.833 99.834 99.835 99.835 99.836 99.836 99.837 99.838 99.838 99.839 99.839 99.839 99.840 99.840 99.841 99.841 99.841 99.842 99.842 99.842 99.842 99.842 99.843 99.843 99.843 99.843 99.843 99.843 99.843 99.843 99.843 99.843 99.843 99.843 99.843 99.842 99.842 99.842 99.842 99.842 99.841
99.798 99.800 99.801 99.802 99.804 99.805 99.806 99.808 99.809 99.810 99.811 99.813 99.814 99.815 99.816 99.817 99.818 99.819 99.820 99.821 99.822 99.823 99.824 99.825 99.826 99.827 99.827 99.828 99.829 99.830 99.830 99.831 99.832 99.832 99.833 99.834 99.834 99.835 99.835 99.836 99.836 99.837 99.837 99.837 99.838 99.838 99.838 99.839 99.839 99.839 99.839 99.840 99.840 99.840 99.840 99.840 99.840 99.840 99.840 99.840 99.840 99.840 99.840 99.840 99.840 99.840 99.839 99.839 99.839 99.839 99.838
99.795 99.797 99.798 99.800 99.801 99.802 99.804 99.805 99.806 99.807 99.809 99.810 99.811 99.812 99.813 99.814 99.815 99.816 99.817 99.818 99.819 99.820 99.821 99.822 99.823 99.824 99.825 99.825 99.826 99.827 99.828 99.828 99.829 99.830 99.830 99.831 99.831 99.832 99.832 99.833 99.833 99.834 99.834 99.835 99.835 99.835 99.836 99.836 99.836 99.836 99.837 99.837 99.837 99.837 99.837 99.837 99.837 99.837 99.837 99.837 99.837 99.837 99.837 99.837 99.837 99.837 99.837 99.836 99.836 99.836 99.836
99.792 99.794 99.795 99.797 99.798 99.799 99.801 99.802 99.803 99.804 99.806 99.807 99.808 99.809 99.810 99.811 99.812 99.814 99.815 99.816 99.816 99.817 99.818 99.819 99.820 99.821 99.822 99.823 99.823 99.824 99.825 99.825 99.826 99.827 99.827 99.828 99.828 99.829 99.830 99.830 99.830 99.831 99.831 99.832 99.832 99.832 99.833 99.833 99.833 99.834 99.834 99.834 99.834 99.834 99.834 99.834 99.835 99.835 99.835 99.835 99.835 99.834 99.834 99.834 99.834 99.834 99.834 99.834 99.833 99.833 99.833
99.790 99.791 99.792 99.794 99.795 99.796 99.798 99.799 99.800 99.802 99.803 99.804 99.805 99.806 99.807 99.809 99.810 99.811 99.812 99.813 99.814 99.815 99.815 99.816 99.817 99.818 99.819 99.820 99.820 99.821 99.822 99.823 99.823 99.824 99.824 99.825 99.826 99.826 99.827 99.827 99.828 99.828 99.828 99.829 99.829 99.830 99.830 99.830 99.830 99.831 99.831 99.831 99.831 99.831 99.831 99.832 99.832 99.832 99.832 99.832 99.832 99.832 99.831 99.831 99.831 99.831 99.831 99.831 99.830 99.830 99.830
99.787 99.788 99.789 99.791 99.792 99.794 99.795 99.796 99.797 99.799 99.800 99.801 99.802 99.803 99.804 99.806 99.807 99.808 99.809 99.810 99.811 99.812 99.813 99.813 99.814 99.815 99.816 99.817 99.817 99.818 99.819 99.820 99.820 99.821 99.822 99.822 99.823 99.823 99.824 99.824 99.825 99.825 99.826 99.826 99.826 99.827 99.827 99.827 99.827 99.828 99.828 99.828 99.828 99.828 99.829 99.829 99.829 99.829 99.829 99.829 99.829 99.829 99.829 99.828 99.828 99.828 99.828 99.828 99.827 99.827 99.827
99.784 99.785 99.787 99.788 99.789 99.791 99.792 99.793 99.794 99.796 99.797 99.798 99.799 99.800 99.802 99.803 99.804 99.805 99.806 99.807 99.808 99.809 99.810 99.810 99.811 99.812 99.813 99.814 99.815 99.815 99.816 99.817 99.817 99.818 99.819 99.819 99.820 99.820 99.821 99.821 99.822 99.822 99.823 99.823 99.823 99.824 99.824 99.824 99.825 99.825 99.825 99.825 99.825 99.825 99.826 99.826 99.826 99.826 99.826 99.826 99.826 99.826 99.826 99.825 99.825 99.825 99.825 99.825 99.825 99.824 99.824
99.781 99.782 99.784 99.785 99.786 99.788 99.789 99.790 99.792 99.793 99.794 99.795 99.796 99.797 99.799 99.800 99.801 99.802 99.803 99.804 99.805 99.806 99.807 99.807 99.808 99.809 99.810 99.811 99.812 99.812 99.813 99.814 99.814 99.815 99.816 99.816 99.817 99.817 99.818 99.818 99.819 99.819 99.820 99.820 99.820 99.821 99.821 99.821 99.822 99.822 99.822 99.822 99.822 99.823 99.823 99.823 99.823 99.823 99.823 99.823 99.823 99.823 99.823 99.823 99.822 99.822 99.822 99.822 99.822 99.821 99.821
