codeCurvature/synthData/synth.asc
ncols        401
nrows        401
xllcorner    608000.0
yllcorner    7284000.0
cellsize     0.05
NODATA_value  -9999.000
[rows 288 to 319 of 401, columns 213 to 283 of 401]
99.901 99.901 99.900 99.900 99.900 99.899 99.899 99.898 99.898 99.897 99.897 99.896 99.895 99.895 99.894 99.893 99.893 99.892 99.891 99.890 99.890 99.889 99.888 99.887 99.886 99.885 99.884 99.883 99.882 99.881 99.880 99.879 99.878 99.877 99.876 99.874 99.873 99.872 99.871 99.869 99.868 99.867 99.865 99.864 99.862 99.861 99.860 99.858 99.857 99.855 99.853 99.852 99.850 99.849 99.847 99.845 99.844 99.842 99.840 99.838 99.836 99.835 99.833 99.831 99.829 99.827 99.825 99.823 99.821 99.819 99.817
99.899 99.898 99.898 99.898 99.897 99.897 99.896 99.896 99.895 99.895 99.894 99.894 99.893 99.892 99.892 99.891 99.890 99.890 99.889 99.888 99.887 99.886 99.886 99.885 99.884 99.883 99.882 99.881 99.880 99.879 99.878 99.877 99.876 99.874 99.873 99.872 99.871 99.870 99.868 99.867 99.866 99.864 99.863 99.862 99.860 99.859 99.857 99.856 99.854 99.853 99.851 99.850 99.848 99.846 99.845 99.843 99.841 99.840 99.838 99.836 99.834 99.832 99.831 99.829 99.827 99.825 99.823 99.821 99.819 99.817 99.815
99.897 99.896 99.896 99.895 99.895 99.895 99.894 99.894 99.893 99.893 99.892 99.891 99.891 99.890 99.890 99.889 99.888 99.887 99.887 99.886 99.885 99.884 99.883 99.882 99.882 99.881 99.880 99.879 99.878 99.877 99.876 99.874 99.873 99.872 99.871 99.870 99.869 99.867 99.866 99.865 99.864 99.862 99.861 99.859 99.858 99.857 99.855 99.854 99.852 99.851 99.849 99.847 99.846 99.844 99.843 99.841 99.839 99.837 99.836 99.834 99.832 99.830 99.828 99.826 99.824 99.823 99.821 99.819 99.817 99.815 99.812
99.894 99.894 99.894 99.893 99.893 99.892 99.892 99.891 99.891 99.890 99.890 99.889 99.889 99.888 99.887 99.887 99.886 99.885 99.884 99.884 99.883 99.882 99.881 99.880 99.879 99.878 99.877 99.876 99.875 99.874 99.873 99.872 99.871 99.870 99.869 99.868 99.866 99.865 99.864 99.863 99.861 99.860 99.859 99.857 99.856 99.854 99.853 99.851 99.850 99.848 99.847 99.845 99.844 99.842 99.840 99.839 99.837 99.835 99.833 99.832 99.830 99.828 99.826 99.824 99.822 99.820 99.818 99.816 99.814 99.812 99.810
99.892 99.892 99.891 99.891 99.891 99.890 99.890 99.889 99.889 99.888 99.888 99.887 99.886 99.886 99.885 99.884 99.884 99.883 99.882 99.881 99.881 99.880 99.879 99.878 99.877 99.876 99.875 99.874 99.873 99.872 99.871 99.870 99.869 99.868 99.866 99.865 99.864 99.863 99.862 99.860 99.859 99.858 99.856 99.855 99.853 99.852 99.851 99.849 99.848 99.846 99.844 99.843 99.841 99.840 99.838 99.836 99.835 99.833 99.831 99.829 99.827 99.826 99.824 99.822 99.820 99.818 99.816 99.814 99.812 99.810 99.808
99.890 99.889 99.889 99.889 99.888 99.888 99.887 99.887 99.886 99.886 99.885 99.885 99.884 99.883 99.883 99.882 99.881 99.881 99.880 99.879 99.878 99.877 99.876 99.876 99.875 99.874 99.873 99.872 99.871 99.870 99.869 99.868 99.866 99.865 99.864 99.863 99.862 99.861 99.859 99.858 99.857 99.855 99.854 99.853 99.851 99.850 99.848 99.847 99.845 99.844 99.842 99.841 99.839 99.837 99.836 99.834 99.832 99.830 99.829 99.827 99.825 99.823 99.821 99.820 99.818 99.816 99.814 99.812 99.810 99.808 99.806
99.887 99.887 99.887 99.886 99.886 99.885 99.885 99.884 99.884 99.883 99.883 99.882 99.882 99.881 99.880 99.880 99.879 99.878 99.877 99.877 99.876 99.875 99.874 99.873 99.872 99.871 99.870 99.869 99.868 99.867 99.866 99.865 99.864 99.863 99.862 99.861 99.859 99.858 99.857 99.856 99.854 99.853 99.852 99.850 99.849 99.847 99.846 99.844 99.843 99.841 99.840 99.838 99.837 99.835 99.833 99.832 99.830 99.828 99.826 99.825 99.823 99.821 99.819 99.817 99.815 99.813 99.811 99.809 99.807 99.805 99.803
99.885 99.885 99.884 99.884 99.884 99.883 99.883 99.882 99.882 99.881 99.881 99.880 99.879 99.879 99.878 99.877 99.877 99.876 99.875 99.874 99.873 99.873 99.872 99.871 99.870 99.869 99.868 99.867 99.866 99.865 99.864 99.863 99.862 99.861 99.859 99.858 99.857 99.856 99.855 99.853 99.852 99.851 99.849 99.848 99.846 99.845 99.844 99.842 99.841 99.839 99.837 99.836 99.834 99.833 99.831 99.829 99.828 99.826 99.824 99.822 99.820 99.819 99.817 99.815 99.813 99.811 99.809 99.807 99.805 99.803 99.801
99.883 99.882 99.882 99.882 99.881 99.881 99.880 99.880 99.879 99.879 99.878 99.878 99.877 99.876 99.876 99.875 99.874 99.873 99.873 99.872 99.871 99.870 99.869 99.869 99.868 99.867 99.866 99.865 99.864 99.863 99.862 99.861 99.859 99.858 99.857 99.856 99.855 99.853 99.852 99.851 99.850 99.848 99.847 99.845 99.844 99.843 99.841 99.840 99.838 99.837 99.835 99.833 99.832 99.830 99.829 99.827 99.825 99.823 99.822 99.820 99.818 99.816 99.814 99.812 99.811 99.809 99.807 99.805 99.803 99.801 99.798
99.880 99.880 99.880 99.879 99.879 99.878 99.878 99.877 99.877 99.876 99.876 99.875 99.874 99.874 99.873 99.873 99.872 99.871 99.870 99.870 99.869 99.868 99.867 99.866 99.865 99.864 99.863 99.862 99.861 99.860 99.859 99.858 99.857 99.856 99.855 99.853 99.852 99.851 99.850 99.848 99.847 99.846 99.844 99.843 99.842 99.840 99.839 99.837 99.836 99.834 99.833 99.831 99.829 99.828 99.826 99.824 99.823 99.821 99.819 99.817 99.816 99.814 99.812 99.810 99.808 99.806 99.804 99.802 99.800 99.798 99.796
99.878 99.877 99.877 99.877 99.876 99.876 99.875 99.875 99.874 99.874 99.873 99.873 99.872 99.871 99.871 99.870 99.869 99.869 99.868 99.867 99.866 99.865 99.865 99.864 99.863 99.862 99.861 99.860 99.859 99.858 99.857 99.856 99.855 99.853 99.852 99.851 99.850 99.849 99.847 99.846 99.845 99.843 99.842 99.841 99.839 99.838 99.836 99.835 99.833 99.832 99.830 99.829 99.827 99.825 99.824 99.822 99.820 99.819 99.817 99.815 99.813 99.811 99.809 99.808 99.806 99.804 99.802 99.800 99.798 99.796 99.794
99.875 99.875 99.875 99.874 99.874 99.873 99.873 99.872 99.872 99.871 99.871 99.870 99.870 99.869 99.868 99.868 99.867 99.866 99.865 99.865 99.864 99.863 99.862 99.861 99.860 99.859 99.858 99.857 99.856 99.855 99.854 99.853 99.852 99.851 99.850 99.849 99.847 99.846 99.845 99.844 99.842 99.841 99.840 99.838 99.837 99.835 99.834 99.832 99.831 99.829 99.828 99.826 99.825 99.823 99.821 99.820 99.818 99.816 99.814 99.813 99.811 99.809 99.807 99.805 99.803 99.801 99.799 99.797 99.795 99.793 99.791
99.873 99.872 99.872 99.872 99.871 99.871 99.870 99.870 99.869 99.869 99.868 99.868 99.867 99.866 99.866 99.865 99.864 99.864 99.863 99.862 99.861 99.860 99.860 99.859 99.858 99.857 99.856 99.855 99.854 99.853 99.852 99.851 99.850 99.848 99.847 99.846 99.845 99.844 99.842 99.841 99.840 99.838 99.837 99.836 99.834 99.833 99.831 99.830 99.828 99.827 99.825 99.824 99.822 99.820 99.819 99.817 99.815 99.814 99.812 99.810 99.808 99.806 99.804 99.803 99.801 99.799 99.797 99.795 99.793 99.791 99.789
99.870 99.870 99.870 99.869 99.869 99.868 99.868 99.867 99.867 99.866 99.866 99.865 99.865 99.864 99.863 99.863 99.862 99.861 99.860 99.860 99.859 99.858 99.857 99.856 99.855 99.854 99.853 99.852 99.851 99.850 99.849 99.848 99.847 99.846 99.845 99.844 99.842 99.841 99.840 99.839 99.837 99.836 99.835 99.833 99.832 99.830 99.829 99.827 99.826 99.824 99.823 99.821 99.820 99.818 99.816 99.815 99.813 99.811 99.809 99.808 99.806 99.804 99.802 99.800 99.798 99.796 99.794 99.792 99.790 99.788 99.786
99.868 99.867 99.867 99.867 99.866 99.866 99.865 99.865 99.864 99.864 99.863 99.863 99.862 99.861 99.861 99.860 99.859 99.859 99.858 99.857 99.856 99.855 99.855 99.854 99.853 99.852 99.851 99.850 99.849 99.848 99.847 99.846 99.845 99.843 99.842 99.841 99.840 99.839 99.837 99.836 99.835 99.833 99.832 99.831 99.829 99.828 99.826 99.825 99.823 99.822 99.820 99.819 99.817 99.815 99.814 99.812 99.810 99.809 99.807 99.805 99.803 99.801 99.799 99.798 99.796 99.794 99.792 99.790 99.788 99.786 99.784
99.865 99.865 99.864 99.864 99.864 99.863 99.863 99.862 99.862 99.861 99.861 99.860 99.859 99.859 99.858 99.857 99.857 99.856 99.855 99.854 99.854 99.853 99.852 99.851 99.850 99.849 99.848 99.847 99.846 99.845 99.844 99.843 99.842 99.841 99.840 99.838 99.837 99.836 99.835 99.833 99.832 99.831 99.829 99.828 99.827 99.825 99.824 99.822 99.821 99.819 99.818 99.816 99.814 99.813 99.811 99.809 99.808 99.806 99.804 99.802 99.801 99.799 99.797 99.795 99.793 99.791 99.789 99.787 99.785 99.783 99.781
99.863 99.862 99.862 99.862 99.861 99.861 99.860 99.860 99.859 99.859 99.858 99.857 99.857 99.856 99.856 99.855 99.854 99.853 99.853 99.852 99.851 99.850 99.849 99.848 99.848 99.847 99.846 99.845 99.844 99.843 99.842 99.840 99.839 99.838 99.837 99.836 99.835 99.833 99.832 99.831 99.830 99.828 99.827 99.825 99.824 99.823 99.821 99.820 99.818 99.817 99.815 99.813 99.812 99.810 99.809 99.807 99.805 99.803 99.802 99.800 99.798 99.796 99.794 99.792 99.790 99.789 99.787 99.785 99.783 99.781 99.778
99.860 99.860 99.859 99.859 99.858 99.858 99.858 99.857 99.857 99.856 99.855 99.855 99.854 99.854 99.853 99.852 99.852 99.851 99.850 99.849 99.848 99.848 99.847 99.846 99.845 99.844 99.843 99.842 99.841 99.840 99.839 99.838 99.837 99.836 99.834 99.833 99.832 99.831 99.830 99.828 99.827 99.826 99.824 99.823 99.821 99.820 99.819 99.817 99.816 99.814 99.812 99.811 99.809 99.808 99.806 99.804 99.802 99.801 99.799 99.797 99.795 99.794 99.792 99.790 99.788 99.786 99.784 99.782 99.780 99.778 99.776
99.857 99.857 99.857 99.856 99.856 99.855 99.855 99.854 99.854 99.853 99.853 99.852 99.852 99.851 99.850 99.850 99.849 99.848 99.847 99.847 99.846 99.845 99.844 99.843 99.842 99.841 99.840 99.839 99.838 99.837 99.836 99.835 99.834 99.833 99.832 99.831 99.829 99.828 99.827 99.826 99.824 99.823 99.822 99.820 99.819 99.817 99.816 99.814 99.813 99.811 99.810 99.808 99.807 99.805 99.803 99.802 99.800 99.798 99.796 99.795 99.793 99.791 99.789 99.787 99.785 99.783 99.781 99.779 99.777 99.775 99.773
99.855 99.854 99.854 99.854 99.853 99.853 99.852 99.852 99.851 99.851 99.850 99.850 99.849 99.848 99.848 99.847 99.846 99.846 99.845 99.844 99.843 99.842 99.841 99.841 99.840 99.839 99.838 99.837 99.836 99.835 99.834 99.833 99.831 99.830 99.829 99.828 99.827 99.825 99.824 99.823 99.822 99.820 99.819 99.818 99.816 99.815 99.813 99.812 99.810 99.809 99.807 99.805 99.804 99.802 99.801 99.799 99.797 99.795 99.794 99.792 99.790 99.788 99.786 99.784 99.783 99.781 99.779 99.777 99.775 99.773 99.771
99.852 99.852 99.851 99.851 99.850 99.850 99.850 99.849 99.849 99.848 99.847 99.847 99.846 99.846 99.845 99.844 99.844 99.843 99.842 99.841 99.840 99.840 99.839 99.838 99.837 99.836 99.835 99.834 99.833 99.832 99.831 99.830 99.829 99.828 99.826 99.825 99.824 99.823 99.822 99.820 99.819 99.818 99.816 99.815 99.813 99.812 99.811 99.809 99.808 99.806 99.804 99.803 99.801 99.800 99.798 99.796 99.794 99.793 99.791 99.789 99.787 99.786 99.784 99.782 99.780 99.778 99.776 99.774 99.772 99.770 99.768
99.849 99.849 99.849 99.848 99.848 99.847 99.847 99.846 99.846 99.845 99.845 99.844 99.844 99.843 99.842 99.842 99.841 99.840 99.839 99.839 99.838 99.837 99.836 99.835 99.834 99.833 99.832 99.831 99.830 99.829 99.828 99.827 99.826 99.825 99.824 99.823 99.821 99.820 99.819 99.818 99.816 99.815 99.814 99.812 99.811 99.809 99.808 99.806 99.805 99.803 99.802 99.800 99.798 99.797 99.795 99.793 99.792 99.790 99.788 99.786 99.785 99.783 99.781 99.779 99.777 99.775 99.773 99.771 99.769 99.767 99.765
99.847 99.846 99.846 99.845 99.845 99.845 99.844 99.844 99.843 99.843 99.842 99.841 99.841 99.840 99.840 99.839 99.838 99.837 99.837 99.836 99.835 99.834 99.833 99.832 99.831 99.831 99.830 99.829 99.828 99.827 99.825 99.824 99.823 99.822 99.821 99.820 99.819 99.817 99.816 99.815 99.813 99.812 99.811 99.809 99.808 99.807 99.805 99.804 99.802 99.801 99.799 99.797 99.796 99.794 99.792 99.791 99.789 99.787 99.786 99.784 99.782 99.780 99.778 99.776 99.774 99.772 99.770 99.768 99.766 99.764 99.762
99.844 99.843 99.843 99.843 99.842 99.842 99.841 99.841 99.840 99.840 99.839 99.839 99.838 99.837 99.837 99.836 99.835 99.835 99.834 99.833 99.832 99.831 99.831 99.830 99.829 99.828 99.827 99.826 99.825 99.824 99.823 99.822 99.821 99.819 99.818 99.817 99.816 99.815 99.813 99.812 99.811 99.809 99.808 99.807 99.805 99.804 99.802 99.801 99.799 99.798 99.796 99.795 99.793 99.791 99.790 99.788 99.786 99.785 99.783 99.781 99.779 99.777 99.775 99.774 99.772 99.770 99.768 99.766 99.764 99.762 99.760
99.841 99.841 99.840 99.840 99.839 99.839 99.839 99.838 99.838 99.837 99.836 99.836 99.835 99.835 99.834 99.833 99.833 99.832 99.831 99.830 99.829 99.829 99.828 99.827 99.826 99.825 99.824 99.823 99.822 99.821 99.820 99.819 99.818 99.817 99.815 99.814 99.813 99.812 99.811 99.809 99.808 99.807 99.805 99.804 99.802 99.801 99.799 99.798 99.796 99.795 99.793 99.792 99.790 99.789 99.787 99.785 99.783 99.782 99.780 99.778 99.776 99.774 99.773 99.771 99.769 99.767 99.765 99.763 99.761 99.759 99.757
99.838 99.838 99.837 99.837 99.837 99.836 99.836 99.835 99.835 99.834 99.834 99.833 99.832 99.832 99.831 99.830 99.830 99.829 99.828 99.827 99.827 99.826 99.825 99.824 99.823 99.822 99.821 99.820 99.819 99.818 99.817 99.816 99.815 99.814 99.813 99.811 99.810 99.809 99.808 99.806 99.805 99.804 99.802 99.801 99.800 99.798 99.797 99.795 99.794 99.792 99.791 99.789 99.787 99.786 99.784 99.782 99.781 99.779 99.777 99.775 99.774 99.772 99.770 99.768 99.766 99.764 99.762 99.760 99.758 99.756 99.754
99.835 99.835 99.835 99.834 99.834 99.833 99.833 99.832 99.832 99.831 99.831 99.830 99.830 99.829 99.828 99.828 99.827 99.826 99.825 99.825 99.824 99.823 99.822 99.821 99.820 99.819 99.818 99.817 99.816 99.815 99.814 99.813 99.812 99.811 99.810 99.809 99.807 99.806 99.805 99.804 99.802 99.801 99.800 99.798 99.797 99.795 99.794 99.792 99.791 99.789 99.788 99.786 99.785 99.783 99.781 99.780 99.778 99.776 99.774 99.772 99.771 99.769 99.767 99.765 99.763 99.761 99.759 99.757 99.755 99.753 99.751
99.832 99.832 99.832 99.831 99.831 99.830 99.830 99.830 99.829 99.828 99.828 99.827 99.827 99.826 99.825 99.825 99.824 99.823 99.823 99.822 99.821 99.820 99.819 99.818 99.817 99.816 99.816 99.815 99.814 99.812 99.811 99.810 99.809 99.808 99.807 99.806 99.804 99.803 99.802 99.801 99.799 99.798 99.797 99.795 99.794 99.792 99.791 99.789 99.788 99.786 99.785 99.783 99.782 99.780 99.778 99.777 99.775 99.773 99.771 99.770 99.768 99.766 99.764 99.762 99.760 99.758 99.756 99.754 99.752 99.750 99.748
99.830 99.829 99.829 99.828 99.828 99.828 99.827 99.827 99.826 99.826 99.825 99.824 99.824 99.823 99.823 99.822 99.821 99.820 99.820 99.819 99.818 99.817 99.816 99.815 99.815 99.814 99.813 99.812 99.811 99.810 99.809 99.807 99.806 99.805 99.804 99.803 99.802 99.800 99.799 99.798 99.796 99.795 99.794 99.792 99.791 99.790 99.788 99.787 99.785 99.784 99.782 99.780 99.779 99.777 99.775 99.774 99.772 99.770 99.769 99.767 99.765 99.763 99.761 99.759 99.757 99.755 99.753 99.751 99.749 99.747 99.745
99.827 99.826 99.826 99.826 99.825 99.825 99.824 99.824 99.823 99.823 99.822 99.822 99.821 99.820 99.820 99.819 99.818 99.817 99.817 99.816 99.815 99.814 99.813 99.813 99.812 99.811 99.810 99.809 99.808 99.807 99.806 99.804 99.803 99.802 99.801 99.800 99.799 99.797 99.796 99.795 99.794 99.792 99.791 99.789 99.788 99.787 99.785 99.784 99.782 99.781 99.779 99.777 99.776 99.774 99.773 99.771 99.769 99.767 99.766 99.764 99.762 99.760 99.758 99.756 99.754 99.753 99.751 99.749 99.747 99.745 99.742
99.824 99.823 99.823 99.823 99.822 99.822 99.821 99.821 99.820 99.820 99.819 99.819 99.818 99.817 99.817 99.816 99.815 99.815 99.814 99.813 99.812 99.811 99.810 99.810 99.809 99.808 99.807 99.806 99.805 99.804 99.803 99.802 99.800 99.799 99.798 99.797 99.796 99.794 99.793 99.792 99.791 99.789 99.788 99.787 99.785 99.784 99.782 99.781 99.779 99.778 99.776 99.774 99.773 99.771 99.770 99.768 99.766 99.764 99.763 99.761 99.759 99.757 99.755 99.753 99.752 99.750 99.748 99.746 99.744 99.742 99.739
99.821 99.820 99.820 99.820 99.819 99.819 99.818 99.818 99.817 99.817 99.816 99.816 99.815 99.814 99.814 99.813 99.812 99.812 99.811 99.810 99.809 99.808 99.807 99.807 99.806 99.805 99.804 99.803 99.802 99.801 99.800 99.799 99.797 99.796 99.795 99.794 99.793 99.792 99.790 99.789 99.788 99.786 99.785 99.784 99.782 99.781 99.779 99.778 99.776 99.775 99.773 99.772 99.770 99.768 99.767 99.765 99.763 99.761 99.760 99.758 99.756 99.754 99.752 99.750 99.749 99.747 99.745 99.743 99.741 99.739 99.737
