codeCurvature/synthData/synth.asc
ncols        401
nrows        401
xllcorner    608000.0
yllcorner    7284000.0
cellsize     0.05
NODATA_value  -9999.000
[rows 64 to 95 of 401, columns 142 to 212 of 401]
99.726 99.728 99.729 99.731 99.732 99.733 99.735 99.736 99.737 99.738 99.740 99.741 99.742 99.743 99.744 99.745 99.746 99.747 99.748 99.749 99.750 99.751 99.752 99.753 99.754 99.755 99.756 99.756 99.757 99.758 99.759 99.759 99.760 99.761 99.761 99.762 99.762 99.763 99.764 99.764 99.764 99.765 99.765 99.766 99.766 99.766 99.767 99.767 99.767 99.768 99.768 99.768 99.768 99.768 99.768 99.768 99.768 99.769 99.769 99.769 99.768 99.768 99.768 99.768 99.768 99.768 99.768 99.768 99.767 99.767 99.767
99.730 99.731 99.733 99.734 99.735 99.737 99.738 99.739 99.741 99.742 99.743 99.744 99.745 99.747 99.748 99.749 99.750 99.751 99.752 99.753 99.754 99.755 99.756 99.757 99.757 99.758 99.759 99.760 99.761 99.761 99.762 99.763 99.763 99.764 99.765 99.765 99.766 99.766 99.767 99.767 99.768 99.768 99.769 99.769 99.769 99.770 99.770 99.770 99.771 99.771 99.771 99.771 99.771 99.772 99.772 99.772 99.772 99.772 99.772 99.772 99.772 99.772 99.772 99.772 99.771 99.771 99.771 99.771 99.771 99.770 99.770
99.733 99.735 99.736 99.737 99.739 99.740 99.741 99.743 99.744 99.745 99.746 99.748 99.749 99.750 99.751 99.752 99.753 99.754 99.755 99.756 99.757 99.758 99.759 99.760 99.761 99.762 99.762 99.763 99.764 99.765 99.765 99.766 99.767 99.767 99.768 99.769 99.769 99.770 99.770 99.771 99.771 99.772 99.772 99.772 99.773 99.773 99.773 99.774 99.774 99.774 99.774 99.775 99.775 99.775 99.775 99.775 99.775 99.775 99.775 99.775 99.775 99.775 99.775 99.775 99.775 99.775 99.774 99.774 99.774 99.774 99.773
99.736 99.738 99.739 99.741 99.742 99.743 99.745 99.746 99.747 99.749 99.750 99.751 99.752 99.753 99.754 99.755 99.757 99.758 99.759 99.760 99.761 99.761 99.762 99.763 99.764 99.765 99.766 99.767 99.767 99.768 99.769 99.770 99.770 99.771 99.771 99.772 99.773 99.773 99.774 99.774 99.775 99.775 99.775 99.776 99.776 99.777 99.777 99.777 99.777 99.778 99.778 99.778 99.778 99.778 99.778 99.779 99.779 99.779 99.779 99.779 99.779 99.779 99.778 99.778 99.778 99.778 99.778 99.778 99.777 99.777 99.777
99.740 99.741 99.743 99.744 99.745 99.747 99.748 99.749 99.751 99.752 99.753 99.754 99.755 99.757 99.758 99.759 99.760 99.761 99.762 99.763 99.764 99.765 99.766 99.767 99.767 99.768 99.769 99.770 99.771 99.771 99.772 99.773 99.773 99.774 99.775 99.775 99.776 99.776 99.777 99.777 99.778 99.778 99.779 99.779 99.780 99.780 99.780 99.780 99.781 99.781 99.781 99.781 99.782 99.782 99.782 99.782 99.782 99.782 99.782 99.782 99.782 99.782 99.782 99.782 99.782 99.781 99.781 99.781 99.781 99.780 99.780
99.743 99.745 99.746 99.747 99.749 99.750 99.751 99.753 99.754 99.755 99.756 99.758 99.759 99.760 99.761 99.762 99.763 99.764 99.765 99.766 99.767 99.768 99.769 99.770 99.771 99.772 99.772 99.773 99.774 99.775 99.775 99.776 99.777 99.777 99.778 99.779 99.779 99.780 99.780 99.781 99.781 99.782 99.782 99.782 99.783 99.783 99.783 99.784 99.784 99.784 99.784 99.785 99.785 99.785 99.785 99.785 99.785 99.785 99.785 99.785 99.785 99.785 99.785 99.785 99.785 99.785 99.784 99.784 99.784 99.784 99.783
99.746 99.748 99.749 99.751 99.752 99.753 99.755 99.756 99.757 99.758 99.760 99.761 99.762 99.763 99.764 99.765 99.766 99.767 99.768 99.769 99.770 99.771 99.772 99.773 99.774 99.775 99.776 99.776 99.777 99.778 99.779 99.779 99.780 99.781 99.781 99.782 99.782 99.783 99.784 99.784 99.784 99.785 99.785 99.786 99.786 99.786 99.787 99.787 99.787 99.788 99.788 99.788 99.788 99.788 99.788 99.788 99.788 99.789 99.789 99.789 99.788 99.788 99.788 99.788 99.788 99.788 99.788 99.788 99.787 99.787 99.787
99.750 99.751 99.752 99.754 99.755 99.757 99.758 99.759 99.760 99.762 99.763 99.764 99.765 99.766 99.768 99.769 99.770 99.771 99.772 99.773 99.774 99.775 99.776 99.776 99.777 99.778 99.779 99.780 99.780 99.781 99.782 99.783 99.783 99.784 99.785 99.785 99.786 99.786 99.787 99.787 99.788 99.788 99.789 99.789 99.789 99.790 99.790 99.790 99.791 99.791 99.791 99.791 99.791 99.791 99.792 99.792 99.792 99.792 99.792 99.792 99.792 99.792 99.792 99.791 99.791 99.791 99.791 99.791 99.791 99.790 99.790
99.753 99.754 99.756 99.757 99.758 99.760 99.761 99.762 99.764 99.765 99.766 99.767 99.768 99.770 99.771 99.772 99.773 99.774 99.775 99.776 99.777 99.778 99.779 99.780 99.781 99.781 99.782 99.783 99.784 99.784 99.785 99.786 99.787 99.787 99.788 99.788 99.789 99.789 99.790 99.790 99.791 99.791 99.792 99.792 99.793 99.793 99.793 99.793 99.794 99.794 99.794 99.794 99.795 99.795 99.795 99.795 99.795 99.795 99.795 99.795 99.795 99.795 99.795 99.795 99.795 99.794 99.794 99.794 99.794 99.793 99.793
99.756 99.757 99.759 99.760 99.762 99.763 99.764 99.766 99.767 99.768 99.769 99.771 99.772 99.773 99.774 99.775 99.776 99.777 99.778 99.779 99.780 99.781 99.782 99.783 99.784 99.785 99.785 99.786 99.787 99.788 99.788 99.789 99.790 99.790 99.791 99.792 99.792 99.793 99.793 99.794 99.794 99.795 99.795 99.795 99.796 99.796 99.796 99.797 99.797 99.797 99.797 99.798 99.798 99.798 99.798 99.798 99.798 99.798 99.798 99.798 99.798 99.798 99.798 99.798 99.798 99.798 99.797 99.797 99.797 99.797 99.796
99.759 99.761 99.762 99.763 99.765 99.766 99.767 99.769 99.770 99.771 99.772 99.774 99.775 99.776 99.777 99.778 99.779 99.780 99.781 99.782 99.783 99.784 99.785 99.786 99.787 99.788 99.789 99.789 99.790 99.791 99.792 99.792 99.793 99.794 99.794 99.795 99.795 99.796 99.796 99.797 99.797 99.798 99.798 99.799 99.799 99.799 99.800 99.800 99.800 99.800 99.801 99.801 99.801 99.801 99.801 99.801 99.801 99.801 99.801 99.801 99.801 99.801 99.801 99.801 99.801 99.801 99.801 99.800 99.800 99.800 99.800
99.762 99.764 99.765 99.767 99.768 99.769 99.771 99.772 99.773 99.774 99.776 99.777 99.778 99.779 99.780 99.781 99.782 99.783 99.784 99.785 99.786 99.787 99.788 99.789 99.790 99.791 99.792 99.792 99.793 99.794 99.795 99.795 99.796 99.797 99.797 99.798 99.798 99.799 99.799 99.800 99.800 99.801 99.801 99.802 99.802 99.802 99.803 99.803 99.803 99.803 99.804 99.804 99.804 99.804 99.804 99.804 99.804 99.804 99.804 99.804 99.804 99.804 99.804 99.804 99.804 99.804 99.804 99.803 99.803 99.803 99.803
99.765 99.767 99.768 99.770 99.771 99.772 99.774 99.775 99.776 99.778 99.779 99.780 99.781 99.782 99.783 99.784 99.786 99.787 99.788 99.789 99.790 99.790 99.791 99.792 99.793 99.794 99.795 99.796 99.796 99.797 99.798 99.798 99.799 99.800 99.800 99.801 99.802 99.802 99.803 99.803 99.804 99.804 99.804 99.805 99.805 99.805 99.806 99.806 99.806 99.807 99.807 99.807 99.807 99.807 99.807 99.808 99.808 99.808 99.808 99.808 99.808 99.808 99.807 99.807 99.807 99.807 99.807 99.807 99.806 99.806 99.806
99.769 99.770 99.771 99.773 99.774 99.776 99.777 99.778 99.779 99.781 99.782 99.783 99.784 99.785 99.786 99.788 99.789 99.790 99.791 99.792 99.793 99.794 99.794 99.795 99.796 99.797 99.798 99.799 99.799 99.800 99.801 99.802 99.802 99.803 99.803 99.804 99.805 99.805 99.806 99.806 99.807 99.807 99.808 99.808 99.808 99.809 99.809 99.809 99.809 99.810 99.810 99.810 99.810 99.810 99.811 99.811 99.811 99.811 99.811 99.811 99.811 99.811 99.811 99.810 99.810 99.810 99.810 99.810 99.809 99.809 99.809
99.772 99.773 99.774 99.776 99.777 99.779 99.780 99.781 99.782 99.784 99.785 99.786 99.787 99.788 99.790 99.791 99.792 99.793 99.794 99.795 99.796 99.797 99.798 99.798 99.799 99.800 99.801 99.802 99.803 99.803 99.804 99.805 99.805 99.806 99.807 99.807 99.808 99.808 99.809 99.809 99.810 99.810 99.811 99.811 99.811 99.812 99.812 99.812 99.813 99.813 99.813 99.813 99.813 99.813 99.814 99.814 99.814 99.814 99.814 99.814 99.814 99.814 99.814 99.813 99.813 99.813 99.813 99.813 99.813 99.812 99.812
99.775 99.776 99.778 99.779 99.780 99.782 99.783 99.784 99.786 99.787 99.788 99.789 99.790 99.791 99.793 99.794 99.795 99.796 99.797 99.798 99.799 99.800 99.801 99.801 99.802 99.803 99.804 99.805 99.806 99.806 99.807 99.808 99.808 99.809 99.810 99.810 99.811 99.811 99.812 99.812 99.813 99.813 99.814 99.814 99.814 99.815 99.815 99.815 99.816 99.816 99.816 99.816 99.816 99.817 99.817 99.817 99.817 99.817 99.817 99.817 99.817 99.817 99.817 99.817 99.816 99.816 99.816 99.816 99.816 99.815 99.815
99.778 99.779 99.781 99.782 99.783 99.785 99.786 99.787 99.789 99.790 99.791 99.792 99.793 99.794 99.796 99.797 99.798 99.799 99.800 99.801 99.802 99.803 99.804 99.804 99.805 99.806 99.807 99.808 99.809 99.809 99.810 99.811 99.811 99.812 99.813 99.813 99.814 99.814 99.815 99.815 99.816 99.816 99.817 99.817 99.817 99.818 99.818 99.818 99.819 99.819 99.819 99.819 99.819 99.820 99.820 99.820 99.820 99.820 99.820 99.820 99.820 99.820 99.820 99.820 99.819 99.819 99.819 99.819 99.819 99.818 99.818
99.781 99.782 99.784 99.785 99.786 99.788 99.789 99.790 99.792 99.793 99.794 99.795 99.796 99.797 99.799 99.800 99.801 99.802 99.803 99.804 99.805 99.806 99.807 99.807 99.808 99.809 99.810 99.811 99.812 99.812 99.813 99.814 99.814 99.815 99.816 99.816 99.817 99.817 99.818 99.818 99.819 99.819 99.820 99.820 99.820 99.821 99.821 99.821 99.822 99.822 99.822 99.822 99.822 99.823 99.823 99.823 99.823 99.823 99.823 99.823 99.823 99.823 99.823 99.823 99.822 99.822 99.822 99.822 99.822 99.821 99.821
99.784 99.785 99.787 99.788 99.789 99.791 99.792 99.793 99.794 99.796 99.797 99.798 99.799 99.800 99.802 99.803 99.804 99.805 99.806 99.807 99.808 99.809 99.810 99.810 99.811 99.812 99.813 99.814 99.815 99.815 99.816 99.817 99.817 99.818 99.819 99.819 99.820 99.820 99.821 99.821 99.822 99.822 99.823 99.823 99.823 99.824 99.824 99.824 99.825 99.825 99.825 99.825 99.825 99.825 99.826 99.826 99.826 99.826 99.826 99.826 99.826 99.826 99.826 99.825 99.825 99.825 99.825 99.825 99.825 99.824 99.824
99.787 99.788 99.789 99.791 99.792 99.794 99.795 99.796 99.797 99.799 99.800 99.801 99.802 99.803 99.804 99.806 99.807 99.808 99.809 99.810 99.811 99.812 99.813 99.813 99.814 99.815 99.816 99.817 99.817 99.818 99.819 99.820 99.820 99.821 99.822 99.822 99.823 99.823 99.824 99.824 99.825 99.825 99.826 99.826 99.826 99.827 99.827 99.827 99.827 99.828 99.828 99.828 99.828 99.828 99.829 99.829 99.829 99.829 99.829 99.829 99.829 99.829 99.829 99.828 99.828 99.828 99.828 99.828 99.827 99.827 99.827
99.790 99.791 99.792 99.794 99.795 99.796 99.798 99.799 99.800 99.802 99.803 99.804 99.805 99.806 99.807 99.809 99.810 99.811 99.812 99.813 99.814 99.815 99.815 99.816 99.817 99.818 99.819 99.820 99.820 99.821 99.822 99.823 99.823 99.824 99.824 99.825 99.826 99.826 99.827 99.827 99.828 99.828 99.828 99.829 99.829 99.830 99.830 99.830 99.830 99.831 99.831 99.831 99.831 99.831 99.831 99.832 99.832 99.832 99.832 99.832 99.832 99.832 99.831 99.831 99.831 99.831 99.831 99.831 99.830 99.830 99.830
99.792 99.794 99.795 99.797 99.798 99.799 99.801 99.802 99.803 99.804 99.806 99.807 99.808 99.809 99.810 99.811 99.812 99.814 99.815 99.816 99.816 99.817 99.818 99.819 99.820 99.821 99.822 99.823 99.823 99.824 99.825 99.825 99.826 99.827 99.827 99.828 99.828 99.829 99.830 99.830 99.830 99.831 99.831 99.832 99.832 99.832 99.833 99.833 99.833 99.834 99.834 99.834 99.834 99.834 99.834 99.834 99.835 99.835 99.835 99.835 99.835 99.834 99.834 99.834 99.834 99.834 99.834 99.834 99.833 99.833 99.833
99.795 99.797 99.798 99.800 99.801 99.802 99.804 99.805 99.806 99.807 99.809 99.810 99.811 99.812 99.813 99.814 99.815 99.816 99.817 99.818 99.819 99.820 99.821 99.822 99.823 99.824 99.825 99.825 99.826 99.827 99.828 99.828 99.829 99.830 99.830 99.831 99.831 99.832 99.832 99.833 99.833 99.834 99.834 99.835 99.835 99.835 99.836 99.836 99.836 99.836 99.837 99.837 99.837 99.837 99.837 99.837 99.837 99.837 99.837 99.837 99.837 99.837 99.837 99.837 99.837 99.837 99.837 99.836 99.836 99.836 99.836
99.798 99.800 99.801 99.802 99.804 99.805 99.806 99.808 99.809 99.810 99.811 99.813 99.814 99.815 99.816 99.817 99.818 99.819 99.820 99.821 99.822 99.823 99.824 99.825 99.826 99.827 99.827 99.828 99.829 99.830 99.830 99.831 99.832 99.832 99.833 99.834 99.834 99.835 99.835 99.836 99.836 99.837 99.837 99.837 99.838 99.838 99.838 99.839 99.839 99.839 99.839 99.840 99.840 99.840 99.840 99.840 99.840 99.840 99.840 99.840 99.840 99.840 99.840 99.840 99.840 99.840 99.839 99.839 99.839 99.839 99.838
99.801 99.802 99.804 99.805 99.807 99.808 99.809 99.811 99.812 99.813 99.814 99.815 99.817 99.818 99.819 99.820 99.821 99.822 99.823 99.824 99.825 99.826 99.827 99.828 99.829 99.829 99.830 99.831 99.832 99.833 99.833 99.834 99.835 99.835 99.836 99.836 99.837 99.838 99.838 99.839 99.839 99.839 99.840 99.840 99.841 99.841 99.841 99.842 99.842 99.842 99.842 99.842 99.843 99.843 99.843 99.843 99.843 99.843 99.843 99.843 99.843 99.843 99.843 99.843 99.843 99.842 99.842 99.842 99.842 99.842 99.841
99.804 99.805 99.807 99.808 99.809 99.811 99.812 99.813 99.815 99.816 99.817 99.818 99.819 99.821 99.822 99.823 99.824 99.825 99.826 99.827 99.828 99.829 99.830 99.831 99.831 99.832 99.833 99.834 99.835 99.835 99.836 99.837 99.837 99.838 99.839 99.839 99.840 99.840 99.841 99.841 99.842 99.842 99.843 99.843 99.843 99.844 99.844 99.844 99.845 99.845 99.845 99.845 99.845 99.846 99.846 99.846 99.846 99.846 99.846 99.846 99.846 99.846 99.846 99.846 99.845 99.845 99.845 99.845 99.845 99.844 99.844
99.807 99.808 99.809 99.811 99.812 99.813 99.815 99.816 99.817 99.819 99.820 99.821 99.822 99.823 99.824 99.825 99.827 99.828 99.829 99.830 99.831 99.831 99.832 99.833 99.834 99.835 99.836 99.837 99.837 99.838 99.839 99.840 99.840 99.841 99.841 99.842 99.843 99.843 99.844 99.844 99.845 99.845 99.845 99.846 99.846 99.847 99.847 99.847 99.847 99.848 99.848 99.848 99.848 99.848 99.848 99.849 99.849 99.849 99.849 99.849 99.849 99.849 99.848 99.848 99.848 99.848 99.848 99.848 99.847 99.847 99.847
99.809 99.811 99.812 99.814 99.815 99.816 99.818 99.819 99.820 99.821 99.823 99.824 99.825 99.826 99.827 99.828 99.829 99.830 99.831 99.832 99.833 99.834 99.835 99.836 99.837 99.838 99.839 99.839 99.840 99.841 99.842 99.842 99.843 99.844 99.844 99.845 99.845 99.846 99.846 99.847 99.847 99.848 99.848 99.849 99.849 99.849 99.850 99.850 99.850 99.850 99.851 99.851 99.851 99.851 99.851 99.851 99.851 99.851 99.851 99.851 99.851 99.851 99.851 99.851 99.851 99.851 99.851 99.850 99.850 99.850 99.850
99.812 99.813 99.815 99.816 99.818 99.819 99.820 99.822 99.823 99.824 99.825 99.826 99.828 99.829 99.830 99.831 99.832 99.833 99.834 99.835 99.836 99.837 99.838 99.839 99.840 99.840 99.841 99.842 99.843 99.844 99.844 99.845 99.846 99.846 99.847 99.847 99.848 99.849 99.849 99.850 99.850 99.850 99.851 99.851 99.852 99.852 99.852 99.853 99.853 99.853 99.853 99.853 99.854 99.854 99.854 99.854 99.854 99.854 99.854 99.854 99.854 99.854 99.854 99.854 99.854 99.853 99.853 99.853 99.853 99.853 99.852
99.815 99.816 99.818 99.819 99.820 99.822 99.823 99.824 99.825 99.827 99.828 99.829 99.830 99.831 99.833 99.834 99.835 99.836 99.837 99.838 99.839 99.840 99.841 99.841 99.842 99.843 99.844 99.845 99.846 99.846 99.847 99.848 99.848 99.849 99.850 99.850 99.851 99.851 99.852 99.852 99.853 99.853 99.854 99.854 99.854 99.855 99.855 99.855 99.856 99.856 99.856 99.856 99.856 99.856 99.857 99.857 99.857 99.857 99.857 99.857 99.857 99.857 99.857 99.856 99.856 99.856 99.856 99.856 99.856 99.855 99.855
99.817 99.819 99.820 99.822 99.823 99.824 99.826 99.827 99.828 99.829 99.831 99.832 99.833 99.834 99.835 99.836 99.837 99.838 99.839 99.840 99.841 99.842 99.843 99.844 99.845 99.846 99.847 99.847 99.848 99.849 99.850 99.850 99.851 99.852 99.852 99.853 99.853 99.854 99.854 99.855 99.855 99.856 99.856 99.857 99.857 99.857 99.858 99.858 99.858 99.858 99.859 99.859 99.859 99.859 99.859 99.859 99.859 99.859 99.859 99.859 99.859 99.859 99.859 99.859 99.859 99.859 99.859 99.858 99.858 99.858 99.858
99.820 99.821 99.823 99.824 99.826 99.827 99.828 99.830 99.831 99.832 99.833 99.834 99.836 99.837 99.838 99.839 99.840 99.841 99.842 99.843 99.844 99.845 99.846 99.847 99.848 99.848 99.849 99.850 99.851 99.852 99.852 99.853 99.854 99.854 99.855 99.855 99.856 99.857 99.857 99.858 99.858 99.858 99.859 99.859 99.860 99.860 99.860 99.861 99.861 99.861 99.861 99.861 99.862 99.862 99.862 99.862 99.862 99.862 99.862 99.862 99.862 99.862 99.862 99.862 99.862 99.861 99.861 99.861 99.861 99.861 99.860
