codeCurvature/synthData/synth.asc
ncols        401
nrows        401
xllcorner    608000.0
yllcorner    7284000.0
cellsize     0.05
NODATA_value  -9999.000
[rows 128 to 159 of 401, columns 71 to 141 of 401]
99.727 99.730 99.733 99.736 99.740 99.743 99.746 99.749 99.752 99.755 99.758 99.761 99.764 99.767 99.770 99.772 99.775 99.778 99.781 99.784 99.786 99.789 99.792 99.795 99.797 99.800 99.802 99.805 99.808 99.810 99.813 99.815 99.817 99.820 99.822 99.825 99.827 99.829 99.832 99.834 99.836 99.838 99.840 99.843 99.845 99.847 99.849 99.851 99.853 99.855 99.857 99.859 99.861 99.863 99.865 99.867 99.869 99.870 99.872 99.874 99.876 99.877 99.879 99.881 99.882 99.884 99.886 99.887 99.889 99.890 99.892
99.729 99.732 99.735 99.738 99.741 99.744 99.748 99.751 99.754 99.757 99.760 99.763 99.766 99.769 99.771 99.774 99.777 99.780 99.783 99.786 99.788 99.791 99.794 99.796 99.799 99.802 99.804 99.807 99.809 99.812 99.814 99.817 99.819 99.822 99.824 99.826 99.829 99.831 99.833 99.836 99.838 99.840 99.842 99.844 99.847 99.849 99.851 99.853 99.855 99.857 99.859 99.861 99.863 99.865 99.867 99.868 99.870 99.872 99.874 99.876 99.877 99.879 99.881 99.882 99.884 99.886 99.887 99.889 99.890 99.892 99.893
99.730 99.734 99.737 99.740 99.743 99.746 99.749 99.752 99.755 99.758 99.761 99.764 99.767 99.770 99.773 99.776 99.779 99.782 99.785 99.787 99.790 99.793 99.795 99.798 99.801 99.803 99.806 99.809 99.811 99.814 99.816 99.819 99.821 99.823 99.826 99.828 99.830 99.833 99.835 99.837 99.840 99.842 99.844 99.846 99.848 99.850 99.853 99.855 99.857 99.859 99.861 99.863 99.865 99.866 99.868 99.870 99.872 99.874 99.876 99.877 99.879 99.881 99.883 99.884 99.886 99.887 99.889 99.891 99.892 99.894 99.895
99.732 99.735 99.739 99.742 99.745 99.748 99.751 99.754 99.757 99.760 99.763 99.766 99.769 99.772 99.775 99.778 99.781 99.783 99.786 99.789 99.792 99.794 99.797 99.800 99.802 99.805 99.808 99.810 99.813 99.815 99.818 99.820 99.823 99.825 99.828 99.830 99.832 99.835 99.837 99.839 99.841 99.844 99.846 99.848 99.850 99.852 99.854 99.856 99.858 99.860 99.862 99.864 99.866 99.868 99.870 99.872 99.874 99.876 99.877 99.879 99.881 99.883 99.884 99.886 99.888 99.889 99.891 99.892 99.894 99.895 99.897
99.734 99.737 99.740 99.743 99.747 99.750 99.753 99.756 99.759 99.762 99.765 99.768 99.771 99.774 99.777 99.780 99.782 99.785 99.788 99.791 99.793 99.796 99.799 99.802 99.804 99.807 99.809 99.812 99.815 99.817 99.820 99.822 99.824 99.827 99.829 99.832 99.834 99.836 99.839 99.841 99.843 99.845 99.847 99.850 99.852 99.854 99.856 99.858 99.860 99.862 99.864 99.866 99.868 99.870 99.872 99.874 99.876 99.877 99.879 99.881 99.883 99.884 99.886 99.888 99.889 99.891 99.893 99.894 99.896 99.897 99.899
99.736 99.739 99.742 99.745 99.748 99.751 99.754 99.758 99.761 99.764 99.767 99.770 99.773 99.775 99.778 99.781 99.784 99.787 99.790 99.792 99.795 99.798 99.801 99.803 99.806 99.809 99.811 99.814 99.816 99.819 99.821 99.824 99.826 99.829 99.831 99.833 99.836 99.838 99.840 99.843 99.845 99.847 99.849 99.851 99.853 99.856 99.858 99.860 99.862 99.864 99.866 99.868 99.870 99.872 99.873 99.875 99.877 99.879 99.881 99.883 99.884 99.886 99.888 99.889 99.891 99.893 99.894 99.896 99.897 99.899 99.900
99.737 99.740 99.744 99.747 99.750 99.753 99.756 99.759 99.762 99.765 99.768 99.771 99.774 99.777 99.780 99.783 99.786 99.789 99.791 99.794 99.797 99.800 99.802 99.805 99.808 99.810 99.813 99.815 99.818 99.820 99.823 99.825 99.828 99.830 99.833 99.835 99.837 99.840 99.842 99.844 99.846 99.849 99.851 99.853 99.855 99.857 99.859 99.861 99.863 99.865 99.867 99.869 99.871 99.873 99.875 99.877 99.879 99.881 99.882 99.884 99.886 99.888 99.889 99.891 99.893 99.894 99.896 99.897 99.899 99.901 99.902
99.739 99.742 99.745 99.748 99.752 99.755 99.758 99.761 99.764 99.767 99.770 99.773 99.776 99.779 99.782 99.785 99.787 99.790 99.793 99.796 99.798 99.801 99.804 99.807 99.809 99.812 99.814 99.817 99.820 99.822 99.825 99.827 99.829 99.832 99.834 99.837 99.839 99.841 99.844 99.846 99.848 99.850 99.852 99.855 99.857 99.859 99.861 99.863 99.865 99.867 99.869 99.871 99.873 99.875 99.877 99.879 99.881 99.882 99.884 99.886 99.888 99.889 99.891 99.893 99.894 99.896 99.898 99.899 99.901 99.902 99.904
99.740 99.744 99.747 99.750 99.753 99.756 99.759 99.762 99.766 99.769 99.772 99.774 99.777 99.780 99.783 99.786 99.789 99.792 99.795 99.797 99.800 99.803 99.805 99.808 99.811 99.813 99.816 99.819 99.821 99.824 99.826 99.829 99.831 99.833 99.836 99.838 99.841 99.843 99.845 99.847 99.850 99.852 99.854 99.856 99.858 99.861 99.863 99.865 99.867 99.869 99.871 99.873 99.875 99.877 99.878 99.880 99.882 99.884 99.886 99.887 99.889 99.891 99.893 99.894 99.896 99.898 99.899 99.901 99.902 99.904 99.905
99.742 99.745 99.748 99.752 99.755 99.758 99.761 99.764 99.767 99.770 99.773 99.776 99.779 99.782 99.785 99.788 99.791 99.793 99.796 99.799 99.802 99.804 99.807 99.810 99.812 99.815 99.818 99.820 99.823 99.825 99.828 99.830 99.833 99.835 99.837 99.840 99.842 99.844 99.847 99.849 99.851 99.853 99.856 99.858 99.860 99.862 99.864 99.866 99.868 99.870 99.872 99.874 99.876 99.878 99.880 99.882 99.884 99.886 99.887 99.889 99.891 99.893 99.894 99.896 99.898 99.899 99.901 99.902 99.904 99.905 99.907
99.744 99.747 99.750 99.753 99.756 99.759 99.763 99.766 99.769 99.772 99.775 99.778 99.781 99.784 99.786 99.789 99.792 99.795 99.798 99.801 99.803 99.806 99.809 99.811 99.814 99.817 99.819 99.822 99.824 99.827 99.829 99.832 99.834 99.837 99.839 99.841 99.844 99.846 99.848 99.851 99.853 99.855 99.857 99.859 99.862 99.864 99.866 99.868 99.870 99.872 99.874 99.876 99.878 99.880 99.882 99.883 99.885 99.887 99.889 99.891 99.892 99.894 99.896 99.897 99.899 99.901 99.902 99.904 99.905 99.907 99.908
99.745 99.748 99.752 99.755 99.758 99.761 99.764 99.767 99.770 99.773 99.776 99.779 99.782 99.785 99.788 99.791 99.794 99.796 99.799 99.802 99.805 99.808 99.810 99.813 99.816 99.818 99.821 99.823 99.826 99.828 99.831 99.833 99.836 99.838 99.841 99.843 99.845 99.848 99.850 99.852 99.854 99.857 99.859 99.861 99.863 99.865 99.867 99.869 99.871 99.873 99.875 99.877 99.879 99.881 99.883 99.885 99.887 99.889 99.890 99.892 99.894 99.896 99.897 99.899 99.901 99.902 99.904 99.905 99.907 99.908 99.910
99.747 99.750 99.753 99.756 99.759 99.763 99.766 99.769 99.772 99.775 99.778 99.781 99.784 99.787 99.789 99.792 99.795 99.798 99.801 99.804 99.806 99.809 99.812 99.814 99.817 99.820 99.822 99.825 99.827 99.830 99.832 99.835 99.837 99.840 99.842 99.844 99.847 99.849 99.851 99.854 99.856 99.858 99.860 99.862 99.865 99.867 99.869 99.871 99.873 99.875 99.877 99.879 99.881 99.883 99.885 99.886 99.888 99.890 99.892 99.894 99.895 99.897 99.899 99.901 99.902 99.904 99.905 99.907 99.908 99.910 99.911
99.748 99.751 99.755 99.758 99.761 99.764 99.767 99.770 99.773 99.776 99.779 99.782 99.785 99.788 99.791 99.794 99.797 99.799 99.802 99.805 99.808 99.811 99.813 99.816 99.819 99.821 99.824 99.826 99.829 99.831 99.834 99.836 99.839 99.841 99.844 99.846 99.848 99.851 99.853 99.855 99.857 99.860 99.862 99.864 99.866 99.868 99.870 99.872 99.874 99.876 99.878 99.880 99.882 99.884 99.886 99.888 99.890 99.892 99.893 99.895 99.897 99.899 99.900 99.902 99.904 99.905 99.907 99.908 99.910 99.911 99.913
99.750 99.753 99.756 99.759 99.762 99.765 99.769 99.772 99.775 99.778 99.781 99.784 99.787 99.790 99.792 99.795 99.798 99.801 99.804 99.807 99.809 99.812 99.815 99.817 99.820 99.823 99.825 99.828 99.830 99.833 99.835 99.838 99.840 99.843 99.845 99.847 99.850 99.852 99.854 99.857 99.859 99.861 99.863 99.865 99.868 99.870 99.872 99.874 99.876 99.878 99.880 99.882 99.884 99.886 99.888 99.889 99.891 99.893 99.895 99.897 99.898 99.900 99.902 99.903 99.905 99.907 99.908 99.910 99.911 99.913 99.914
99.751 99.754 99.757 99.761 99.764 99.767 99.770 99.773 99.776 99.779 99.782 99.785 99.788 99.791 99.794 99.797 99.800 99.802 99.805 99.808 99.811 99.813 99.816 99.819 99.821 99.824 99.827 99.829 99.832 99.834 99.837 99.839 99.842 99.844 99.846 99.849 99.851 99.853 99.856 99.858 99.860 99.862 99.865 99.867 99.869 99.871 99.873 99.875 99.877 99.879 99.881 99.883 99.885 99.887 99.889 99.891 99.893 99.895 99.896 99.898 99.900 99.902 99.903 99.905 99.907 99.908 99.910 99.911 99.913 99.914 99.916
99.752 99.756 99.759 99.762 99.765 99.768 99.771 99.774 99.778 99.781 99.784 99.787 99.789 99.792 99.795 99.798 99.801 99.804 99.807 99.809 99.812 99.815 99.818 99.820 99.823 99.825 99.828 99.831 99.833 99.836 99.838 99.841 99.843 99.845 99.848 99.850 99.853 99.855 99.857 99.859 99.862 99.864 99.866 99.868 99.870 99.873 99.875 99.877 99.879 99.881 99.883 99.885 99.887 99.889 99.890 99.892 99.894 99.896 99.898 99.899 99.901 99.903 99.905 99.906 99.908 99.910 99.911 99.913 99.914 99.916 99.917
99.754 99.757 99.760 99.763 99.767 99.770 99.773 99.776 99.779 99.782 99.785 99.788 99.791 99.794 99.797 99.800 99.802 99.805 99.808 99.811 99.814 99.816 99.819 99.822 99.824 99.827 99.829 99.832 99.835 99.837 99.840 99.842 99.844 99.847 99.849 99.852 99.854 99.856 99.859 99.861 99.863 99.865 99.867 99.870 99.872 99.874 99.876 99.878 99.880 99.882 99.884 99.886 99.888 99.890 99.892 99.894 99.896 99.897 99.899 99.901 99.903 99.904 99.906 99.908 99.909 99.911 99.913 99.914 99.916 99.917 99.919
99.755 99.758 99.762 99.765 99.768 99.771 99.774 99.777 99.780 99.783 99.786 99.789 99.792 99.795 99.798 99.801 99.804 99.807 99.809 99.812 99.815 99.818 99.820 99.823 99.826 99.828 99.831 99.833 99.836 99.838 99.841 99.843 99.846 99.848 99.851 99.853 99.855 99.858 99.860 99.862 99.864 99.867 99.869 99.871 99.873 99.875 99.877 99.879 99.881 99.883 99.885 99.887 99.889 99.891 99.893 99.895 99.897 99.899 99.900 99.902 99.904 99.906 99.907 99.909 99.911 99.912 99.914 99.915 99.917 99.919 99.920
99.757 99.760 99.763 99.766 99.769 99.772 99.776 99.779 99.782 99.785 99.788 99.791 99.794 99.796 99.799 99.802 99.805 99.808 99.811 99.813 99.816 99.819 99.822 99.824 99.827 99.830 99.832 99.835 99.837 99.840 99.842 99.845 99.847 99.850 99.852 99.854 99.857 99.859 99.861 99.864 99.866 99.868 99.870 99.872 99.874 99.877 99.879 99.881 99.883 99.885 99.887 99.889 99.891 99.893 99.895 99.896 99.898 99.900 99.902 99.904 99.905 99.907 99.909 99.910 99.912 99.914 99.915 99.917 99.918 99.920 99.921
99.758 99.761 99.764 99.767 99.771 99.774 99.777 99.780 99.783 99.786 99.789 99.792 99.795 99.798 99.801 99.804 99.806 99.809 99.812 99.815 99.818 99.820 99.823 99.826 99.828 99.831 99.833 99.836 99.839 99.841 99.844 99.846 99.848 99.851 99.853 99.856 99.858 99.860 99.863 99.865 99.867 99.869 99.872 99.874 99.876 99.878 99.880 99.882 99.884 99.886 99.888 99.890 99.892 99.894 99.896 99.898 99.900 99.901 99.903 99.905 99.907 99.908 99.910 99.912 99.913 99.915 99.917 99.918 99.920 99.921 99.923
99.759 99.762 99.766 99.769 99.772 99.775 99.778 99.781 99.784 99.787 99.790 99.793 99.796 99.799 99.802 99.805 99.808 99.811 99.813 99.816 99.819 99.822 99.824 99.827 99.830 99.832 99.835 99.837 99.840 99.842 99.845 99.847 99.850 99.852 99.855 99.857 99.859 99.862 99.864 99.866 99.868 99.871 99.873 99.875 99.877 99.879 99.881 99.883 99.885 99.887 99.889 99.891 99.893 99.895 99.897 99.899 99.901 99.903 99.904 99.906 99.908 99.910 99.911 99.913 99.915 99.916 99.918 99.919 99.921 99.922 99.924
99.760 99.764 99.767 99.770 99.773 99.776 99.779 99.782 99.786 99.789 99.792 99.794 99.797 99.800 99.803 99.806 99.809 99.812 99.815 99.817 99.820 99.823 99.825 99.828 99.831 99.833 99.836 99.839 99.841 99.844 99.846 99.849 99.851 99.853 99.856 99.858 99.861 99.863 99.865 99.867 99.870 99.872 99.874 99.876 99.878 99.880 99.883 99.885 99.887 99.889 99.891 99.893 99.895 99.896 99.898 99.900 99.902 99.904 99.906 99.907 99.909 99.911 99.913 99.914 99.916 99.918 99.919 99.921 99.922 99.924 99.925
99.762 99.765 99.768 99.771 99.774 99.778 99.781 99.784 99.787 99.790 99.793 99.796 99.799 99.802 99.804 99.807 99.810 99.813 99.816 99.819 99.821 99.824 99.827 99.829 99.832 99.835 99.837 99.840 99.842 99.845 99.847 99.850 99.852 99.855 99.857 99.859 99.862 99.864 99.866 99.869 99.871 99.873 99.875 99.877 99.880 99.882 99.884 99.886 99.888 99.890 99.892 99.894 99.896 99.898 99.900 99.901 99.903 99.905 99.907 99.909 99.910 99.912 99.914 99.916 99.917 99.919 99.920 99.922 99.923 99.925 99.926
99.763 99.766 99.769 99.772 99.776 99.779 99.782 99.785 99.788 99.791 99.794 99.797 99.800 99.803 99.806 99.809 99.811 99.814 99.817 99.820 99.823 99.825 99.828 99.831 99.833 99.836 99.838 99.841 99.844 99.846 99.849 99.851 99.853 99.856 99.858 99.861 99.863 99.865 99.868 99.870 99.872 99.874 99.877 99.879 99.881 99.883 99.885 99.887 99.889 99.891 99.893 99.895 99.897 99.899 99.901 99.903 99.905 99.906 99.908 99.910 99.912 99.913 99.915 99.917 99.918 99.920 99.922 99.923 99.925 99.926 99.928
99.764 99.767 99.771 99.774 99.777 99.780 99.783 99.786 99.789 99.792 99.795 99.798 99.801 99.804 99.807 99.810 99.813 99.815 99.818 99.821 99.824 99.826 99.829 99.832 99.834 99.837 99.840 99.842 99.845 99.847 99.850 99.852 99.855 99.857 99.859 99.862 99.864 99.866 99.869 99.871 99.873 99.876 99.878 99.880 99.882 99.884 99.886 99.888 99.890 99.892 99.894 99.896 99.898 99.900 99.902 99.904 99.906 99.908 99.909 99.911 99.913 99.915 99.916 99.918 99.920 99.921 99.923 99.924 99.926 99.927 99.929
99.765 99.768 99.772 99.775 99.778 99.781 99.784 99.787 99.790 99.793 99.796 99.799 99.802 99.805 99.808 99.811 99.814 99.817 99.819 99.822 99.825 99.828 99.830 99.833 99.836 99.838 99.841 99.843 99.846 99.848 99.851 99.853 99.856 99.858 99.861 99.863 99.865 99.868 99.870 99.872 99.874 99.877 99.879 99.881 99.883 99.885 99.887 99.889 99.891 99.893 99.895 99.897 99.899 99.901 99.903 99.905 99.907 99.909 99.910 99.912 99.914 99.916 99.917 99.919 99.921 99.922 99.924 99.925 99.927 99.929 99.930
99.766 99.770 99.773 99.776 99.779 99.782 99.785 99.788 99.791 99.794 99.797 99.800 99.803 99.806 99.809 99.812 99.815 99.818 99.821 99.823 99.826 99.829 99.831 99.834 99.837 99.839 99.842 99.845 99.847 99.850 99.852 99.855 99.857 99.859 99.862 99.864 99.866 99.869 99.871 99.873 99.876 99.878 99.880 99.882 99.884 99.886 99.889 99.891 99.893 99.895 99.897 99.899 99.901 99.902 99.904 99.906 99.908 99.910 99.912 99.913 99.915 99.917 99.919 99.920 99.922 99.923 99.925 99.927 99.928 99.930 99.931
99.768 99.771 99.774 99.777 99.780 99.783 99.786 99.790 99.793 99.796 99.799 99.802 99.804 99.807 99.810 99.813 99.816 99.819 99.822 99.824 99.827 99.830 99.833 99.835 99.838 99.840 99.843 99.846 99.848 99.851 99.853 99.856 99.858 99.861 99.863 99.865 99.868 99.870 99.872 99.874 99.877 99.879 99.881 99.883 99.885 99.888 99.890 99.892 99.894 99.896 99.898 99.900 99.902 99.904 99.905 99.907 99.909 99.911 99.913 99.915 99.916 99.918 99.920 99.921 99.923 99.925 99.926 99.928 99.929 99.931 99.932
99.769 99.772 99.775 99.778 99.781 99.784 99.788 99.791 99.794 99.797 99.800 99.803 99.806 99.809 99.811 99.814 99.817 99.820 99.823 99.825 99.828 99.831 99.834 99.836 99.839 99.842 99.844 99.847 99.849 99.852 99.854 99.857 99.859 99.862 99.864 99.866 99.869 99.871 99.873 99.876 99.878 99.880 99.882 99.884 99.887 99.889 99.891 99.893 99.895 99.897 99.899 99.901 99.903 99.905 99.907 99.908 99.910 99.912 99.914 99.916 99.917 99.919 99.921 99.922 99.924 99.926 99.927 99.929 99.930 99.932 99.933
99.770 99.773 99.776 99.779 99.782 99.786 99.789 99.792 99.795 99.798 99.801 99.804 99.807 99.810 99.812 99.815 99.818 99.821 99.824 99.827 99.829 99.832 99.835 99.837 99.840 99.843 99.845 99.848 99.850 99.853 99.855 99.858 99.860 99.863 99.865 99.867 99.870 99.872 99.874 99.877 99.879 99.881 99.883 99.885 99.888 99.890 99.892 99.894 99.896 99.898 99.900 99.902 99.904 99.906 99.908 99.909 99.911 99.913 99.915 99.917 99.918 99.920 99.922 99.923 99.925 99.927 99.928 99.930 99.931 99.933 99.934
99.771 99.774 99.777 99.780 99.783 99.787 99.790 99.793 99.796 99.799 99.802 99.805 99.808 99.811 99.814 99.816 99.819 99.822 99.825 99.828 99.830 99.833 99.836 99.838 99.841 99.844 99.846 99.849 99.851 99.854 99.856 99.859 99.861 99.864 99.866 99.868 99.871 99.873 99.875 99.878 99.880 99.882 99.884 99.886 99.889 99.891 99.893 99.895 99.897 99.899 99.901 99.903 99.905 99.907 99.909 99.910 99.912 99.914 99.916 99.918 99.919 99.921 99.923 99.925 99.926 99.928 99.929 99.931 99.932 99.934 99.935
